contour 1
75 4
76 3
77 3
78 3
79 3
80 4
81 5
80 6
79 7
79 8
78 9
77 9
76 9
75 8
74 7
74 8
75 9
75 10
75 11
75 12
75 13
76 14
76 15
76 16
77 17
77 18
77 19
78 20
78 21
78 22
79 23
79 24
79 25
80 26
80 27
80 28
81 29
81 30
81 31
81 32
82 33
82 34
82 35
83 36
83 37
84 38
84 39
84 40
85 41
85 42
85 43
85 44
86 45
86 46
86 47
86 48
87 49
87 50
87 51
88 52
88 53
88 54
89 55
89 56
89 57
90 58
90 59
90 60
91 61
91 62
91 63
92 64
92 65
92 66
92 67
93 68
93 69
93 70
94 71
94 72
94 73
95 74
95 75
95 76
96 77
95 78
94 78
93 79
92 79
91 80
90 80
89 80
88 80
87 81
86 81
85 82
84 82
83 82
82 83
81 84
80 84
79 85
78 85
77 85
76 85
75 85
74 85
73 85
72 85
71 84
71 83
71 82
70 81
70 80
70 79
69 78
69 77
69 76
69 75
68 74
68 73
68 72
67 71
67 70
67 69
66 68
66 67
66 66
65 65
65 64
65 63
64 63
63 63
62 63
61 63
60 64
59 64
58 65
57 65
56 65
55 65
54 66
53 66
52 67
51 67
50 67
49 68
48 68
47 68
46 69
45 69
44 69
43 70
42 70
41 70
40 71
39 71
38 72
37 72
36 72
35 72
34 73
33 73
32 73
31 74
30 74
29 75
28 75
27 75
26 75
25 76
24 76
23 76
22 76
21 76
20 76
19 75
18 74
18 73
18 72
17 71
17 70
17 69
16 68
16 67
16 66
16 65
15 64
15 63
15 62
15 61
14 60
14 59
14 58
13 57
13 56
13 55
12 54
12 53
13 52
14 51
15 51
16 50
17 50
18 50
19 49
20 49
21 49
22 48
23 48
24 48
25 47
26 47
27 47
28 46
29 46
30 46
31 45
32 45
33 45
34 44
35 44
36 44
37 43
38 43
39 42
40 42
41 42
42 41
43 41
44 41
45 40
46 40
47 40
48 39
49 39
50 39
51 38
52 38
53 38
54 37
55 37
56 37
57 36
56 35
56 34
56 33
55 32
55 31
55 30
54 29
54 28
54 27
53 26
53 25
53 24
52 23
52 22
52 21
52 20
51 19
51 18
51 17
50 16
50 15
50 14
51 13
52 12
53 12
54 11
55 11
56 10
57 10
58 10
59 9
60 9
61 9
62 9
63 8
64 8
65 8
66 7
67 7
68 6
69 6
70 6
71 5
72 5
73 5
74 5
contour 2
40 0
40 1
40 2
40 3
40 4
41 5
41 6
41 7
41 8
41 9
41 10
41 11
40 12
40 13
39 14
38 15
37 16
36 17
35 18
34 18
33 18
32 18
31 18
30 18
29 18
28 18
27 18
26 18
25 18
24 18
23 19
22 19
21 19
20 19
19 19
18 19
17 18
16 18
15 17
14 17
13 16
12 15
11 15
10 14
9 14
8 14
7 13
6 13
5 13
4 13
3 13
2 13
1 13
0 14
0 15
0 16
0 17
0 18
0 19
0 20
0 21
0 22
1 22
2 22
3 22
4 22
5 22
6 22
7 22
8 22
9 22
10 22
11 22
12 23
13 24
13 25
13 26
13 27
14 28
14 29
15 30
16 31
17 32
18 32
19 33
20 34
21 35
21 36
21 37
20 38
19 39
18 39
17 40
16 40
15 40
14 41
13 41
12 41
11 41
10 41
9 41
8 41
7 42
6 42
5 42
4 42
3 41
4 40
3 39
2 38
3 37
2 36
1 35
1 34
1 33
1 32
1 33
1 34
1 35
0 36
0 37
0 38
0 39
0 40
0 41
0 42
0 43
0 44
0 45
0 46
0 47
0 48
0 49
0 50
0 51
0 52
0 53
0 54
0 55
0 56
0 57
0 58
0 59
0 60
0 61
0 62
0 63
0 64
0 65
0 66
0 67
0 68
0 69
0 70
0 71
0 72
0 73
0 74
0 75
0 76
0 77
0 78
0 79
0 80
1 81
1 82
1 83
1 84
1 85
1 86
1 87
1 88
1 89
1 90
1 91
1 92
1 93
1 94
0 95
1 95
2 94
1 93
1 92
1 91
1 90
1 89
1 88
1 87
1 86
1 85
1 84
1 83
1 82
1 81
2 80
3 80
3 79
4 78
5 78
6 77
7 77
8 78
9 79
10 80
10 81
10 82
10 83
10 84
10 85
10 86
10 87
10 88
10 89
10 90
9 91
9 92
8 93
8 94
8 95
9 95
10 95
11 95
12 95
13 95
14 95
15 95
16 95
17 95
18 95
19 95
20 95
21 95
22 95
22 94
23 93
24 92
25 92
25 91
26 90
27 89
28 89
28 88
29 87
30 87
31 86
32 85
33 85
34 84
35 84
36 83
37 83
38 82
39 81
40 81
41 81
42 80
43 80
44 80
45 79
46 79
47 79
48 79
49 79
50 79
51 78
52 78
53 78
54 78
55 78
56 78
57 79
58 80
58 81
58 82
58 83
57 84
57 85
58 86
59 87
60 88
61 89
62 90
62 91
61 92
61 93
60 94
61 95
62 95
63 95
64 95
65 95
66 95
67 95
68 95
69 95
70 95
71 95
72 95
73 95
74 95
75 95
76 95
77 95
78 95
79 95
80 95
81 95
82 95
83 95
84 95
85 95
86 95
87 95
88 95
89 95
90 95
91 95
92 95
93 95
94 95
95 95
96 95
97 95
98 95
99 95
100 95
100 94
101 93
100 92
100 91
101 90
101 89
101 88
101 87
101 86
102 85
102 84
102 83
102 82
102 81
102 80
102 79
102 78
102 77
102 76
102 75
102 74
101 73
101 72
100 71
100 70
100 69
99 68
99 67
99 66
99 65
98 64
98 63
98 62
97 61
97 60
97 59
96 58
96 57
95 56
95 55
95 54
95 53
94 52
94 51
94 50
93 49
93 48
93 47
93 46
92 45
92 44
92 43
91 42
91 41
91 40
90 39
90 38
90 37
89 36
89 35
89 34
88 33
88 32
87 31
87 30
87 29
87 28
86 27
86 26
86 25
85 24
85 23
85 22
84 21
84 20
84 19
83 18
83 17
83 16
82 15
82 14
82 13
82 12
81 11
81 10
81 9
81 8
81 7
81 6
81 5
82 4
83 3
83 2
83 1
83 0
82 0
81 0
80 0
79 0
78 0
77 0
76 0
75 0
74 0
73 0
72 0
71 0
70 0
69 0
68 0
67 0
66 0
65 0
64 0
63 0
62 0
61 0
60 0
59 0
58 0
57 0
56 0
55 0
54 0
53 0
52 0
51 0
50 0
49 0
48 0
47 0
46 0
45 0
44 0
43 0
42 0
41 0
